version https://git-lfs.github.com/spec/v1
oid sha256:16a8db1aa4eb705c6bbef79079f03b9d0b8849bd1a7f47d8eb9dfea4d513afac
size 2078243
