version https://git-lfs.github.com/spec/v1
oid sha256:326a43ceaa57d1a3f29f04878b3dbbb51b4818ff065cb12ed50223b3bff222ee
size 1451358
