version https://git-lfs.github.com/spec/v1
oid sha256:c351b415fbf48251ba6589128f35c9aee300bdc2edbf14c723579c51abbf54c4
size 505794
