version https://git-lfs.github.com/spec/v1
oid sha256:3f4b43563999c960a3eb6894f6ebe7b6bd54e6ed5cca200046604298e7ea7f87
size 2745322
