version https://git-lfs.github.com/spec/v1
oid sha256:fac62f08414d3876c0b24a5788c66ab2906d3e61706105e967669ff612e11e3d
size 185680
