version https://git-lfs.github.com/spec/v1
oid sha256:761534c43e0c43f5befe0dd2d1cfed37f8fa19a4be2d546bd50258de9228ef19
size 243349
