version https://git-lfs.github.com/spec/v1
oid sha256:7a03f173fbd26b87428de9826dea5724b23edcd44da87db4602678f0b3991d8c
size 224546
