version https://git-lfs.github.com/spec/v1
oid sha256:d218d1843335b5bbf46cf80fa7096fbc78215a17fb03a4c943d92831213b1768
size 279894
