version https://git-lfs.github.com/spec/v1
oid sha256:915c2635252ee80f43e0810be133bff6a56a645d76ad65c257506cfac7179b81
size 900897
