version https://git-lfs.github.com/spec/v1
oid sha256:741b9984c2b2968ef93680cf77fa50ec09ff6d7fb7993d73af8c498b00efc938
size 604809
